004			4
858			21	
487			19
703			10	
217			10
654			15
158			14
507			12
377			17
105			6
634			13
002			2
647			17
731			
128
499
307
244
851
441
090
357
856
711
033
443
419
793
531
991
883
261
579
086
703
285
988
558
325
970
512
343
063
312
965
327
580
978
241
840
458
605
778
582
504
607
655
579
151
828
149
694
589
867
198
840
959
598
497
597
989
866
084
694
560
490
675
801
786
347
730
851
438
931
275
584
908
138
190
469
481
880
911
319
491
978
138
190
469
481
880
911
319
491
978
644
808
036
817
873
514
056
590
135
331
578
105
862
821
454
454
617
375
919
870
245
363
440
066
372
700
053
263
362
863
694
129
133
765
441
926
533
609
509
994
018
565
319
382
913
454
109
429
058
505
655
350
780
911
229
203
432
392
964
236
137
647
780
308
966
936
691
439
636
980
058
266
693
498
568
235
464
310
907
628
785
499
105
091
526
639