4
21
19
10
10
15
14
12
17
6
13
2
17
11
11
22
10
10
14
9
9
15
19
9
6
11
14
19
9
19
19
9
21
14
10
15
25
18
11
16
9
10
9
6
20
12
13
24
7
12
17
11
22
15
9
13
16
21
7
18
14
19
22
21
18
12
23
22
20
21
26
20
12
19
11
13
18
9
21
14
10
14
15
13
14
17
17
12
10
19
13
16
11
13
14
24
12
10
19
13
16
11
13
14
24
14
16
9
16
18
10
11
14
9
7
20
6
16
9
13
13
14
15
19
15
11
12
8
12
12
7
8
11
11
17
19
12
7
18
9
17
11
15
14
22
9
16
13
13
13
13
11
15
13
10
16
8
15
11
13
5
9
14
19
11
11
17
15
11
21
18
16
16
15
17
13
14
18
21
19
9
14
4
16
16
20
22
6
10
13
18